spawns: 
  default: 
    world: MMO
    x: 236.73178776611633
    y: 63.0
    z: 99.78794791855775
    yaw: -359.43256
    pitch: 0.3157508
